{
  "accuracy_exact": 1.0,
  "f1": 0.998216876262637,
  "hallucination_rate": 0.004754043022023693,
  "jaccard": 0.9964401586917535,
  "omission_rate": 0.0023770215110118465,
  "precision": 0.9976229784889881,
  "recall": 0.998811489244494
}